locations    107
vehicles    8

999999    21.19    56.4    62.1    58.31    56.82    54.08    10.44    21.54    35.9    46.0    62.64    18.97    45.28    37.8    43.29    38.59    66.04    20.81    36.4    66.4    46.84    20.12    36.24    56.73    40.79    63.25    65.3    50.0    40.31    67.74    36.69    18.78    48.76    41.88    40.22    53.6    11.99    48.26    72.8    18.36    20.1    62.48    42.94    40.31    10.2    16.55    51.31    16.4    9.9    59.41    34.48    41.48    36.0    53.0    55.8    13.45    5.39    60.9    72.28    45.61    12.21    18.87    56.92    18.03    58.26    53.54    47.17    51.97    42.06    54.08    24.41    37.54    37.36    43.0    40.0    51.22    51.86    41.4    6.4    50.54    71.39    23.77    13.93    50.0    73.68    14.76    17.72    39.29    61.03    49.74    5.83    20.62    54.49    66.94    24.7    45.71    17.46    45.49    36.06    48.83    30.81    38.33    46.1    26.25    15.13    21.19
21.19    999999    36.8    46.14    57.87    36.06    44.65    31.62    1.0    21.21    42.31    47.17    28.65    27.73    37.12    55.9    40.0    64.76    5.83    22.67    63.25    32.02    27.31    35.13    36.91    25.0    48.26    65.76    42.06    42.0    66.71    23.43    5.76    37.8    42.11    40.11    45.28    26.45    28.28    56.82    25.5    5.0    58.52    45.0    23.32    30.41    5.0    41.88    22.36    27.0    57.01    50.0    26.91    47.42    43.01    47.17    30.07    25.5    60.83    55.9    32.46    30.0    25.08    55.87    5.83    39.05    33.3    37.74    41.4    28.28    33.97    7.0    35.36    52.43    53.85    51.08    32.02    44.72    40.31    25.18    39.05    54.23    33.11    25.0    30.48    58.31    23.85    3.61    54.08    58.94    39.41    26.93    30.89    36.06    50.54    31.95    29.15    26.42    45.28    37.0    40.31    25.5    51.48    30.23    10.0    7.07    29.97
56.4    36.8    999999    52.2    85.33    8.6    64.0    66.29    36.07    43.17    69.19    54.12    65.0    39.0    67.68    91.81    71.51    90.55    35.61    45.12    87.14    47.0    63.25    65.79    1.28    42.3    56.04    93.21    64.2    73.39    92.54    46.1    37.65    57.04    72.42    70.52    66.03    63.24    8.6    59.51    61.61    40.61    82.15    76.22    39.32    63.63    40.36    62.03    58.6    58.59    82.61    86.68    45.28    83.22    62.0    67.0    60.42    59.36    88.28    57.7    50.36    61.27    61.03    83.01    38.42    3.0    5.0    59.21    60.0    47.27    4.0    32.02    65.15    89.02    89.19    86.61    5.39    67.19    69.92    58.31    57.0    54.12    69.07    61.72    6.4    62.24    60.44    40.31    90.6    84.59    59.03    62.2    67.2    5.83    53.85    67.42    42.0    62.8    74.73    68.71    62.2    55.71    87.66    44.0    30.23    43.86    66.03
62.1    46.14    52.2    999999    45.34    44.15    20.52    71.2    46.65    26.25    33.86    2.0    54.04    18.6    39.56    70.38    43.46    47.17    51.31    25.71    42.06    15.3    51.04    38.9    51.15    21.54    4.0    51.61    24.41    44.28    48.88    25.5    51.84    18.38    41.59    40.72    23.35    58.64    47.42    10.77    51.0    43.86    37.74    45.65    22.83    72.28    50.54    20.81    50.09    70.84    40.61    72.03    20.62    63.25    19.21    22.67    74.33    67.45    47.63    10.2    17.4    73.68    50.0    43.11    51.97    55.08    47.43    21.93    18.03    20.22    48.38    50.0    37.0    72.8    65.8    64.62    52.0    26.25    38.91    68.01    16.55    10.2    54.45    55.08    50.16    12.21    53.08    47.85    73.38    42.2    19.24    66.29    55.15    56.65    5.0    51.48    17.0    53.0    41.34    42.38    23.32    35.06    68.62    16.16    51.86    48.47    53.15
58.31    57.87    85.33    45.34    999999    79.56    25.0    61.72    58.86    42.3    16.24    43.86    40.0    47.43    21.19    35.69    19.72    7.81    63.35    40.31    10.44    39.92    38.28    23.09    84.72    43.17    42.43    8.0    22.36    18.03    9.43    39.32    62.31    29.97    16.55    18.38    22.2    47.58    77.65    50.0    39.96    52.95    10.2    15.62    46.1    65.6    58.94    25.55    42.06    67.96    5.39    43.46    40.26    33.11    26.63    22.67    71.28    62.68    3.0    51.22    35.98    69.63    39.45    2.38    61.85    88.28    80.41    26.93    28.3    38.33    81.39    64.78    22.56    42.38    30.81    31.62    82.61    19.72    17.72    64.35    30.89    53.81    36.12    44.65    80.62    48.26    43.57    56.52    41.76    5.0    28.18    58.6    39.05    87.57    48.8    34.21    44.6    41.05    13.0    22.36    24.17    32.39    37.0    42.72    67.74    54.12    37.8
56.82    36.06    8.6    44.15    79.56    999999    57.22    67.08    35.51    38.08    63.64    46.1    62.94    32.39    63.07    89.02    67.08    84.34    36.25    39.92    80.62    40.31    60.88    61.27    7.38    36.4    48.05    87.32    57.87    68.88    86.31    40.85    38.2    50.49    67.62    65.8    59.41    62.17    10.0    51.08    59.41    39.05    75.66    71.59    33.53    65.0    40.31    55.44    56.57    60.41    76.49    84.85    39.29    80.43    55.23    60.21    62.64    60.42    82.46    49.24    43.93    63.25    58.73    77.2    38.91    11.18    5.39    52.95    53.24    41.23    5.83    32.7    60.42    87.0    86.02    83.6    11.18    60.83    65.0    59.62    50.25    45.62    66.6    60.21    10.44    53.85    58.73    39.66    88.46    78.45    52.47    62.65    65.07    14.14    45.54    64.66    35.36    60.81    69.64    64.41    55.9    51.48    85.15    37.34    31.62    43.01    63.7
54.08    44.65    64.0    20.52    25.0    57.22    999999    61.27    45.49    24.17    14.31    19.21    40.8    25.0    22.0    51.66    25.18    27.86    50.48    22.36    23.54    17.0    37.95    22.09    63.21    22.56    18.03    31.76    5.0    25.5    29.73    21.47    50.19    7.28    22.56    22.2    2.83    47.12    57.22    26.93    38.63    40.61    18.68    26.25    25.5    63.63    47.63    2.83    38.91    63.82    20.59    55.08    19.65    45.4    2.0    3.0    67.42    59.36    27.46    27.73    13.91    66.29    37.7    22.71    50.0    67.0    59.0    7.07    4.0    17.72    60.0    50.61    20.1    55.33    46.84    46.1    62.2    5.83    20.22    60.46    7.0    29.68    39.62    43.46    60.21    25.96    41.63    44.82    55.58    22.36    5.39    56.82    41.23    67.19    24.41    36.67    22.0    40.5    21.54    25.0    5.39    23.32    50.64    20.0    53.24    43.86    39.29
10.44    31.62    66.29    71.2    61.72    67.08    61.27    999999    31.95    45.28    51.44    71.59    21.93    55.04    42.64    40.31    42.43    69.53    30.89    45.54    70.71    55.9    24.21    41.4    66.68    50.25    72.03    68.01    56.82    43.86    71.06    45.71    28.9    56.65    45.97    44.6    60.42    14.54    58.31    81.79    23.02    30.41    67.27    46.1    50.04    5.0    26.93    58.6    22.36    10.44    63.64    30.0    50.64    34.48    60.42    62.65    12.0    7.07    64.03    81.39    54.26    10.0    23.85    60.66    28.18    68.01    63.63    54.63    59.62    50.99    64.14    34.48    43.01    33.0    41.23    38.33    61.03    58.31    46.1    8.6    58.52    80.75    25.61    18.03    59.91    82.46    19.72    28.16    35.0    65.07    57.38    5.0    22.67    64.03    76.12    27.59    55.23    21.4    49.5    40.36    55.9    38.08    35.36    55.44    36.06    25.5    24.04
21.54    1.0    36.07    46.65    58.86    35.51    45.49    31.95    999999    21.93    43.27    47.71    29.53    28.18    38.12    56.8    41.0    65.73    5.0    23.43    64.2    32.65    28.23    36.12    36.21    25.61    48.83    66.75    42.94    43.0    67.68    24.21    5.2    38.6    43.1    41.11    46.14    27.17    27.59    57.31    26.4    6.0    59.46    46.0    23.85    30.59    5.1    42.72    23.26    27.02    57.97    50.8    27.59    48.33    43.83    48.02    30.02    25.71    61.81    56.36    33.19    30.02    26.0    56.85    5.39    38.29    32.65    38.59    42.2    29.0    33.3    6.0    36.35    53.25    54.78    52.0    31.24    45.62    41.3    25.32    39.82    54.63    34.01    25.81    29.73    58.83    24.7    4.24    54.92    59.91    40.22    27.31    31.76    35.23    51.0    32.89    29.68    27.29    46.27    38.0    41.18    26.48    52.35    30.81    9.0    7.81    30.87
35.9    21.21    43.17    26.25    42.3    38.08    24.17    45.28    21.93    999999    26.08    26.93    30.68    10.44    25.06    53.15    29.15    48.0    26.91    2.0    45.28    11.18    27.86    23.32    42.64    5.0    27.73    50.25    22.56    30.89    50.0    3.0    26.95    17.0    29.55    27.73    25.3    33.73    35.36    37.0    27.2    18.03    40.31    33.54    5.83    46.1    25.0    21.54    25.5    44.6    40.0    51.48    5.83    44.82    22.36    26.93    48.1    41.23    45.28    36.4    11.25    47.43    26.25    40.01    26.91    46.1    38.33    17.72    20.59    7.07    39.29    26.63    22.36    53.0    49.5    47.42    40.31    25.5    26.93    41.76    18.03    35.51    32.65    30.41    38.33    38.08    28.44    22.2    54.08    42.0    18.79    40.31    32.31    45.28    31.05    30.02    10.0    29.12    31.62    26.63    20.62    14.14    50.0    10.2    29.15    22.36    30.46
46.0    42.31    69.19    33.86    16.24    63.64    14.31    51.44    43.27    26.08    999999    32.85    29.74    31.94    9.04    37.35    11.23    22.52    47.95    24.1    21.12    24.96    27.25    10.04    68.62    27.26    31.94    24.23    9.59    11.26    24.5    23.11    47.09    16.0    8.29    8.24    11.94    36.9    61.43    41.18    28.45    37.51    16.71    11.96    30.11    54.58    43.9    13.15    29.7    55.89    14.7    41.21    24.44    31.28    14.97    13.82    59.41    50.91    19.24    41.89    20.89    57.98    27.68    14.0    46.7    72.13    64.3    12.45    15.85    22.58    65.28    49.09    8.49    41.26    32.53    31.81    66.39    8.84    6.25    52.34    17.52    43.56    27.42    33.45    64.4    40.28    31.91    41.32    41.41    16.64    14.72    47.53    29.61    71.34    38.2    24.69    29.26    30.04    7.49    11.83    10.54    16.97    36.44    27.51    52.02    39.29    27.86
62.64    47.17    54.12    2.0    43.86    46.1    19.21    71.59    47.71    26.93    32.85    999999    54.0    19.85    38.9    69.64    42.72    45.49    52.43    26.25    40.31    15.81    51.0    38.33    53.08    22.36    2.0    50.0    23.32    43.46    47.17    25.96    52.9    17.72    40.72    39.92    22.02    58.82    49.24    10.2    51.04    44.72    36.06    44.72    23.85    72.8    51.48    19.72    50.25    71.51    39.05    71.59    21.19    62.64    18.03    21.21    75.03    68.01    46.1    10.0    17.48    74.33    50.04    41.65    53.0    57.01    49.34    21.19    17.0    20.62    50.29    51.22    36.4    72.28    65.0    63.91    53.85    25.0    38.08    68.62    15.81    10.77    54.23    55.23    52.0    11.18    53.24    48.76    72.8    40.61    18.38    66.71    55.04    58.52    5.39    51.24    18.03    53.04    40.31    41.76    22.36    35.0    68.01    17.0    53.15    49.24    53.04
18.97    28.65    65.0    54.04    40.0    62.94    40.8    21.93    29.53    30.68    29.74    54.0    999999    41.11    20.81    27.31    20.52    47.8    31.95    30.08    48.8    39.32    3.0    19.72    64.97    35.44    54.04    46.65    36.06    22.02    49.41    29.83    30.14    37.34    24.04    22.67    39.56    7.58    56.4    64.03    3.61    24.41    45.34    24.41    36.4    25.61    26.57    38.33    6.4    28.18    41.73    21.93    34.71    18.97    40.26    41.79    31.38    22.83    42.44    64.0    36.64    29.68    4.47    38.83    29.41    67.42    61.07    34.71    39.81    34.37    61.85    34.93    21.47    24.08    25.71    22.8    60.46    37.16    24.21    24.6    39.32    64.12    5.0    5.1    58.82    64.2    5.1    25.5    25.61    43.19    37.66    18.6    2.24    64.66    59.03    5.83    40.26    2.24    27.59    18.44    35.44    19.0    22.83    39.81    37.7    21.93    2.24
45.28    27.73    39.0    18.6    47.43    32.39    25.0    55.04    28.18    10.44    31.94    19.85    41.11    999999    33.3    62.8    37.54    51.97    32.76    11.18    48.26    8.0    38.28    31.83    38.21    5.83    21.21    55.08    25.5    39.05    53.94    11.66    33.37    18.11    37.2    35.61    27.07    44.04    32.39    29.15    37.64    25.96    43.29    41.4    5.0    55.44    32.31    23.09    35.9    53.37    44.15    61.72    7.81    54.64    23.0    28.0    56.75    50.49    50.29    28.18    11.55    56.29    36.69    45.06    33.54    42.0    34.0    20.62    21.0    9.43    35.0    31.4    30.48    63.13    58.9    57.01    37.34    28.44    34.41    50.8    18.0    26.57    42.95    40.79    35.36    30.81    38.83    29.73    64.14    46.1    20.1    50.04    42.72    42.3    22.83    40.25    3.0    39.56    38.59    35.36    23.54    23.85    59.91    5.0    33.3    30.81    40.85
37.8    37.12    67.68    39.56    21.19    63.07    22.0    42.64    38.12    25.06    9.04    38.9    20.81    33.3    999999    30.87    4.24    28.64    42.43    23.32    28.6    27.8    18.44    2.0    67.26    27.8    38.33    28.86    17.0    5.83    30.46    22.47    41.29    21.19    5.0    3.0    20.1    28.1    59.48    48.05    19.8    32.14    24.76    8.54    30.23    45.97    37.85    20.1    21.4    47.63    21.63    33.14    25.5    23.77    22.09    22.2    51.09    42.52    24.04    48.51    23.91    49.58    19.1    19.47    40.79    70.52    62.97    17.72    22.36    24.04    63.91    44.1    2.83    33.54    26.42    25.08    64.29    17.26    3.61    44.05    23.09    49.65    18.38    24.76    62.36    47.52    23.35    35.51    33.96    23.32    20.62    38.9    20.59    69.12    44.27    15.65    31.11    21.26    8.25    3.0    17.12    12.17    29.12    29.73    47.1    32.98    18.87
43.29    55.9    91.81    70.38    35.69    89.02    51.66    40.31    56.8    53.15    37.35    69.64    27.31    62.8    30.87    999999    26.93    42.06    59.24    51.86    46.1    58.31    28.65    31.76    91.69    57.01    68.95    38.08    46.84    26.25    42.72    51.22    57.39    52.0    29.12    29.73    49.24    31.77    83.22    78.45    30.41    51.48    45.28    25.5    58.9    45.28    53.85    50.29    33.54    50.04    40.31    11.18    55.22    8.6    52.2    50.99    52.24    45.0    36.4    79.06    54.58    50.25    30.89    36.22    56.65    94.34    87.66    48.47    52.81    54.08    88.48    62.24    33.54    8.6    5.0    5.83    87.46    46.1    31.62    47.0    53.85    80.41    22.83    31.62    85.76    77.62    32.31    52.8    7.07    40.61    51.26    40.0    25.08    91.79    75.03    24.41    61.03    29.55    30.41    28.18    47.43    39.05    5.0    59.91    65.0    49.24    25.94
38.59    40.0    71.51    43.46    19.72    67.08    25.18    42.43    41.0    29.15    11.23    42.72    20.52    37.54    4.24    26.93    999999    27.46    45.1    27.46    28.28    32.02    18.6    5.83    71.12    32.02    42.06    26.93    20.22    2.0    29.15    26.63    43.83    25.08    3.61    3.0    23.02    28.06    63.25    51.66    20.25    35.0    25.0    5.0    34.41    46.1    40.31    23.54    22.36    48.26    21.21    30.0    29.73    20.22    25.5    25.0    51.61    43.01    22.36    52.2    28.1    50.0    19.72    18.38    43.29    74.33    66.85    21.54    25.96    28.28    67.78    47.0    7.07    30.15    22.36    21.19    68.01    20.0    5.0    44.65    26.93    53.49    17.2    25.0    66.1    50.99    23.85    38.12    30.41    22.67    24.35    39.05    19.85    72.8    48.1    14.87    35.36    21.4    7.07    3.0    20.62    15.81    25.5    33.97    50.0    35.36    18.38
66.04    64.76    90.55    47.17    7.81    84.34    27.86    69.53    65.73    48.0    22.52    45.49    47.8    51.97    28.64    42.06    27.46    999999    70.34    46.0    5.83    44.15    46.04    30.46    89.88    48.26    43.83    5.39    26.48    25.81    2.0    45.0    69.4    33.96    24.19    25.94    25.3    55.38    83.15    50.21    47.71    59.91    9.43    23.43    51.24    73.41    66.1    29.12    49.74    75.72    8.0    50.54    45.28    40.31    29.73    25.08    79.06    70.46    5.83    51.66    40.42    77.42    47.17    9.17    68.96    93.54    85.59    31.4    31.62    43.29    86.58    71.59    29.73    49.24    37.34    38.48    88.14    23.54    25.08    72.11    34.48    54.67    43.93    52.43    86.15    48.1    51.31    63.6    48.47    6.0    32.02    66.4    46.86    93.13    50.0    42.01    49.03    48.83    20.59    30.02    28.44    39.29    43.86    47.07    74.53    61.35    45.61
20.81    5.83    35.61    51.31    63.35    36.25    50.48    30.89    5.0    26.91    47.95    52.43    31.95    32.76    42.43    59.24    45.1    70.34    999999    28.43    68.95    37.54    31.05    40.45    35.92    30.48    53.6    71.2    47.89    47.1    72.28    29.21    2.05    43.6    47.38    45.4    51.11    28.49    27.46    61.91    29.12    10.44    64.26    50.09    28.6    28.79    5.39    47.71    25.96    24.52    62.64    52.48    32.53    50.92    48.83    53.0    27.17    24.17    66.29    60.9    38.16    27.46    28.86    61.39    2.83    37.54    32.76    43.57    47.2    33.97    33.29    3.61    40.79    55.07    57.57    54.71    30.48    50.54    45.71    23.41    44.82    59.03    36.69    27.73    29.21    63.51    26.93    7.0    56.82    64.56    45.22    26.63    34.18    33.97    55.57    35.9    34.41    29.73    50.64    42.11    46.14    31.05    54.63    35.61    5.83    10.2    33.53
36.4    22.67    45.12    25.71    40.31    39.92    22.36    45.54    23.43    2.0    24.1    26.25    30.08    11.18    23.32    51.86    27.46    46.0    28.43    999999    43.29    10.44    27.2    21.63    44.58    5.39    26.93    48.26    20.62    29.15    48.0    1.0    28.37    15.26    27.73    25.94    23.41    33.55    37.34    36.4    26.68    19.21    38.33    31.76    7.07    46.57    26.25    19.7    25.18    45.31    38.0    50.54    5.1    43.6    20.59    25.08    48.85    41.76    43.29    35.9    9.87    48.1    25.71    38.02    28.28    48.05    40.26    15.81    18.87    5.83    41.23    28.3    20.59    51.97    48.1    46.1    42.3    23.54    25.08    42.38    16.4    35.23    31.78    30.15    40.31    37.34    28.16    23.43    53.0    40.0    17.0    40.61    31.62    47.27    30.59    29.07    10.2    28.64    29.73    25.0    18.68    12.81    48.83    10.0    30.89    23.32    29.73
66.4    63.25    87.14    42.06    10.44    80.62    23.54    70.71    64.2    45.28    21.12    40.31    48.8    48.26    28.6    46.1    28.28    5.83    68.95    43.29    999999    40.31    46.75    30.23    86.41    45.0    38.59    11.18    23.0    26.91    7.07    42.3    68.16    30.15    24.76    26.25    21.21    56.32    80.0    44.6    48.27    58.52    5.0    25.0    48.0    74.33    65.0    25.18    50.0    76.22    7.07    53.85    42.0    43.46    25.5    20.62    79.65    71.06    10.0    46.1    36.79    78.1    47.63    10.48    67.78    90.14    82.15    28.0    27.46    40.0    83.15    69.92    29.15    52.81    41.23    42.06    85.0    20.0    25.0    72.62    30.41    49.2    45.34    53.15    83.0    42.43    51.86    62.39    52.2    5.83    28.16    67.27    48.1    90.0    44.65    43.14    45.28    49.58    21.21    30.48    25.0    38.08    47.43    43.29    72.8    60.42    46.67
46.84    32.02    47.0    15.3    39.92    40.31    17.0    55.9    32.65    11.18    24.96    15.81    39.32    8.0    27.8    58.31    32.02    44.15    37.54    10.44    40.31    999999    36.35    26.63    46.21    7.07    16.55    47.43    17.72    33.3    46.1    10.2    37.78    10.2    31.11    29.73    19.1    43.51    40.31    25.96    36.12    29.15    35.36    35.36    9.43    57.01    36.06    15.13    35.0    55.71    36.4    58.52    5.39    50.54    15.0    20.0    59.24    52.2    42.72    25.5    4.08    58.52    35.13    37.55    37.8    50.0    42.0    13.0    13.0    5.0    43.0    36.8    25.0    59.62    54.08    52.48    45.28    20.62    28.28    52.81    10.0    25.02    40.26    40.0    43.29    26.93    38.0    33.29    60.42    38.33    12.17    50.99    40.61    50.25    20.22    37.36    5.0    38.12    32.02    30.23    15.81    20.62    55.9    3.0    39.05    33.54    38.64
20.12    27.31    63.25    51.04    38.28    60.88    37.95    24.21    28.23    27.86    27.25    51.0    3.0    38.28    18.44    28.65    18.6    46.04    31.05    27.2    46.75    36.35    999999    17.2    63.17    32.57    51.04    45.18    33.24    20.25    47.71    26.93    29.33    34.37    22.02    20.52    36.77    9.67    54.64    61.03    2.0    22.83    43.14    22.83    33.62    27.59    25.71    35.44    5.1    29.68    39.7    24.21    31.78    20.12    37.36    39.0    33.02    24.41    40.82    61.0    33.64    31.4    2.24    36.98    28.64    65.73    59.2    31.78    36.88    31.4    60.0    33.84    18.87    26.17    26.57    23.77    58.83    34.44    21.93    26.08    36.35    61.13    5.83    6.4    57.14    61.2    5.39    24.35    27.59    41.23    34.71    20.52    4.47    63.13    56.04    5.0    37.36    2.83    25.61    16.28    32.57    16.0    24.41    36.88    36.69    20.88    2.83
36.24    35.13    65.79    38.9    23.09    61.27    22.09    41.4    36.12    23.32    10.04    38.33    19.72    31.83    2.0    31.76    5.83    30.46    40.45    21.63    30.23    26.63    17.2    999999    65.38    26.25    37.85    30.81    17.12    7.62    32.31    20.81    39.32    20.62    7.0    5.0    20.4    26.86    57.57    47.68    18.44    30.15    26.25    10.44    28.6    44.6    35.9    20.0    19.85    46.1    23.32    33.38    24.04    24.35    22.0    22.56    49.58    41.04    25.96    48.05    22.83    48.1    17.69    21.32    38.83    68.62    61.1    17.26    22.09    22.67    62.03    42.11    2.0    33.96    27.46    25.94    62.36    17.72    5.39    42.52    22.56    49.04    17.72    23.43    60.44    47.27    21.93    33.54    34.48    25.06    20.22    37.54    19.7    67.19    43.68    14.87    29.73    20.0    10.2    3.61    17.0    10.2    29.73    28.43    45.1    31.05    17.89
56.73    36.91    1.28    51.15    84.72    7.38    63.21    66.68    36.21    42.64    68.62    53.08    64.97    38.21    67.26    91.69    71.12    89.88    35.92    44.58    86.41    46.21    63.17    65.38    999999    41.63    55.01    92.59    63.48    72.99    91.86    45.55    37.96    56.28    71.97    70.08    65.27    63.36    8.63    58.36    61.56    40.61    81.42    75.8    38.67    64.1    40.59    61.27    58.57    59.12    81.94    86.71    44.61    83.09    61.21    66.21    61.01    59.79    87.67    56.55    49.62    61.83    60.96    82.4    38.72    3.93    4.32    58.51    59.21    46.59    3.35    32.32    64.7    89.02    89.01    86.45    6.12    66.47    69.45    58.77    56.21    52.95    68.98    61.77    6.8    61.11    60.46    40.45    90.58    83.92    58.28    62.54    67.17    7.1    52.74    67.29    41.21    62.78    74.23    68.34    61.49    55.34    87.58    43.21    30.63    43.98    65.96
40.79    25.0    42.3    21.54    43.17    36.4    22.56    50.25    25.61    5.0    27.26    22.36    35.44    5.83    27.8    57.01    32.02    48.26    30.48    5.39    45.0    7.07    32.57    26.25    41.63    999999    23.32    50.99    22.0    33.6    50.25    5.83    30.76    15.3    31.91    30.23    24.19    38.7    35.0    32.31    32.02    22.36    40.0    36.06    3.0    50.99    29.15    20.22    30.41    49.34    40.31    55.9    3.0    48.83    20.62    25.5    52.81    46.1    46.1    31.62    8.7    52.2    31.05    40.83    30.81    45.28    37.34    17.0    18.68    5.0    38.33    29.73    25.0    57.31    53.15    51.22    40.0    25.0    29.15    46.57    15.81    30.59    37.16    35.36    38.0    33.54    33.38    26.42    58.31    42.3    17.26    45.28    37.0    45.0    26.25    34.44    5.0    33.96    33.54    29.73    20.0    18.03    54.08    5.39    32.02    26.93    35.11
63.25    48.26    56.04    4.0    42.43    48.05    18.03    72.03    48.83    27.73    31.94    2.0    54.04    21.21    38.33    68.95    42.06    43.83    53.6    26.93    38.59    16.55    51.04    37.85    55.01    23.32    999999    48.41    22.36    42.72    45.49    26.57    54.01    17.26    39.92    39.22    20.81    59.06    51.08    10.0    51.16    45.65    34.41    43.86    25.0    73.38    52.48    18.79    50.49    72.24    37.54    71.2    21.93    62.1    17.0    19.85    75.77    68.62    44.6    10.2    17.79    75.03    50.16    40.24    54.08    58.94    51.24    20.62    16.16    21.19    52.2    52.5    35.9    71.81    64.26    63.25    55.71    23.85    37.34    69.29    15.3    11.66    54.08    55.44    53.85    10.44    53.46    49.74    72.28    39.05    17.72    67.19    55.0    60.41    6.4    51.09    19.21    53.15    39.36    41.23    21.54    35.06    67.45    18.03    54.49    50.09    53.0
65.3    65.76    93.21    51.61    8.0    87.32    31.76    68.01    66.75    50.25    24.23    50.0    46.65    55.08    28.86    38.08    26.93    5.39    71.2    48.26    11.18    47.43    45.18    30.81    92.59    50.99    48.41    999999    29.73    25.08    5.0    47.27    70.12    37.34    24.04    25.96    29.07    54.2    85.59    55.17    46.96    60.83    14.14    22.36    53.94    72.11    66.71    32.7    49.24    74.79    11.18    47.17    48.05    37.2    33.54    29.15    78.03    69.46    5.0    56.57    43.56    76.32    46.52    10.24    69.63    96.18    88.28    34.48    35.34    46.1    89.27    72.69    30.41    45.65    33.54    34.99    90.55    26.93    25.5    71.2    38.08    59.46    42.44    51.48    88.57    53.15    50.54    64.33    44.72    9.43    35.47    65.19    45.49    95.52    54.67    40.82    52.2    47.89    20.62    29.73    31.62    40.31    40.31    50.29    75.66    61.85    44.42
50.0    42.06    64.2    24.41    22.36    57.87    5.0    56.82    42.94    22.56    9.59    23.32    36.06    25.5    17.0    46.84    20.22    26.48    47.89    20.62    23.0    17.72    33.24    17.12    63.48    22.0    22.36    29.73    999999    20.62    28.44    19.65    47.42    7.62    17.72    17.26    3.61    42.54    57.0    31.62    34.01    37.74    18.0    21.54    25.0    59.36    44.65    3.61    34.48    59.82    18.68    50.09    19.0    40.45    5.39    5.83    63.41    55.22    25.08    32.31    13.94    62.2    33.11    19.99    47.17    67.19    59.21    5.0    6.4    17.0    60.21    48.33    15.13    50.36    42.06    41.23    62.0    3.0    15.3    56.4    8.6    34.0    34.71    38.91    60.0    30.81    37.12    41.88    50.64    20.62    5.83    52.48    36.4    67.0    28.65    31.78    22.56    35.85    17.0    20.0    2.0    19.21    45.71    20.62    51.08    40.61    34.48
40.31    42.0    73.39    44.28    18.03    68.88    25.5    43.86    43.0    30.89    11.26    43.46    22.02    39.05    5.83    26.25    2.0    25.81    47.1    29.15    26.91    33.3    20.25    7.62    72.99    33.6    42.72    25.08    20.62    999999    27.46    28.3    45.82    25.94    3.0    3.61    23.19    29.59    65.15    52.2    21.95    37.0    23.85    3.0    36.06    47.63    42.3    24.04    24.17    49.93    19.85    30.07    31.24    20.02    25.96    25.08    53.25    44.65    20.59    52.81    29.33    51.61    21.47    16.81    45.28    76.22    68.71    22.36    26.57    29.73    69.64    49.0    8.6    30.02    21.54    20.62    69.92    20.1    5.39    46.32    27.73    54.23    18.44    26.63    68.01    51.42    25.55    40.11    30.15    21.21    25.08    40.61    21.21    74.73    48.85    16.28    36.8    23.02    5.83    5.0    21.19    17.72    25.18    35.36    52.0    37.34    19.85
67.74    66.71    92.54    48.88    9.43    86.31    29.73    71.06    67.68    50.0    24.5    47.17    49.41    53.94    30.46    42.72    29.15    2.0    72.28    48.0    7.07    46.1    47.71    32.31    91.86    50.25    45.49    5.0    28.44    27.46    999999    47.0    71.32    35.9    25.94    27.73    27.2    56.99    85.15    51.66    49.4    61.85    11.18    25.0    53.24    75.0    68.01    31.05    51.48    77.39    10.0    51.48    47.27    41.34    31.62    26.93    80.71    72.11    7.07    53.15    42.39    79.06    48.88    10.99    70.88    95.52    87.57    33.38    33.53    45.28    88.57    73.55    31.62    50.09    38.08    39.36    90.14    25.5    26.93    73.78    36.4    56.22    45.45    54.08    88.14    49.5    53.0    65.52    49.24    8.0    33.96    68.01    48.41    95.13    51.61    43.6    50.99    50.48    22.36    31.76    30.41    41.23    44.72    49.03    76.49    63.25    47.2
36.69    23.43    46.1    25.5    39.32    40.85    21.47    45.71    24.21    3.0    23.11    25.96    29.83    11.66    22.47    51.22    26.63    45.0    29.21    1.0    42.3    10.2    26.93    20.81    45.55    5.83    26.57    47.27    19.65    28.3    47.0    999999    29.1    14.42    26.83    25.06    22.47    33.51    38.33    36.14    26.48    19.85    37.34    30.89    7.81    46.84    26.91    18.79    25.08    45.69    37.0    50.09    5.0    43.01    19.72    24.17    49.24    42.06    42.3    35.69    9.27    48.47    25.5    37.03    29.0    49.03    41.23    14.87    18.03    5.39    42.2    29.15    19.72    51.48    47.42    45.45    43.29    22.56    24.17    42.72    15.62    35.13    31.38    30.07    41.3    37.0    28.07    24.08    52.48    39.0    16.12    40.79    31.32    48.26    30.41    28.64    10.44    28.44    28.79    24.21    17.72    12.21    48.26    10.05    31.76    23.85    29.41
18.78    5.76    37.65    51.84    62.31    38.2    50.19    28.9    5.2    26.95    47.09    52.9    30.14    33.37    41.29    57.39    43.83    69.4    2.05    28.37    68.16    37.78    29.33    39.32    37.96    30.76    54.01    70.12    47.42    45.82    71.32    29.1    999999    43.42    46.21    44.24    50.71    26.5    29.48    62.5    27.38    9.71    63.52    48.81    29.04    26.91    3.63    47.39    24.23    22.79    61.76    50.51    32.66    49.11    48.58    52.64    25.55    22.23    65.23    61.55    38.18    25.75    27.16    60.4    0.78    39.59    34.77    43.22    47.01    34.02    35.31    5.64    39.75    53.12    55.8    52.92    32.53    50.01    44.62    21.54    44.71    59.79    34.92    25.83    31.25    64.03    25.08    5.8    54.88    63.66    44.98    24.6    32.35    36.02    56.19    34.22    34.87    27.93    49.52    40.85    45.72    30.14    52.75    35.98    7.82    8.61    31.76
48.76    37.8    57.04    18.38    29.97    50.49    7.28    56.65    38.6    17.0    16.0    17.72    37.34    18.11    21.19    52.0    25.08    33.96    43.6    15.26    30.15    10.2    34.37    20.62    56.28    15.3    17.26    37.34    7.62    25.94    35.9    14.42    43.42    999999    23.32    22.36    9.0    42.96    50.09    27.17    34.71    33.97    25.18    27.46    18.25    58.6    41.04    5.0    34.48    58.31    26.25    53.94    12.37    44.92    5.39    10.2    61.91    54.12    32.7    27.46    6.71    60.9    33.73    27.59    43.28    60.03    52.04    3.61    3.61    10.44    53.04    43.57    18.68    54.57    47.42    46.24    55.08    10.44    20.59    55.07    2.0    28.46    37.0    39.29    53.08    27.0    37.36    38.21    55.08    28.16    2.0    52.0    38.12    60.07    23.09    34.0    15.13    36.67    23.43    24.04    5.83    18.68    50.29    13.15    46.14    37.54    36.12
41.88    42.11    72.42    41.59    16.55    67.62    22.56    45.97    43.1    29.55    8.29    40.72    24.04    37.2    5.0    29.12    3.61    24.19    47.38    27.73    24.76    31.11    22.02    7.0    71.97    31.91    39.92    24.04    17.72    3.0    25.94    26.83    46.21    23.32    999999    2.0    20.22    31.56    64.29    49.34    23.6    37.12    21.4    4.24    34.48    49.58    42.76    21.19    25.55    51.61    17.69    33.06    29.41    23.02    23.09    22.09    55.0    46.4    19.31    49.98    27.09    53.41    23.02    15.04    45.71    75.29    67.68    19.72    23.77    27.8    68.62    49.09    7.28    33.02    24.35    23.54    69.12    17.12    2.83    48.01    25.06    51.48    20.81    28.43    67.19    48.51    27.2    40.45    33.14    19.21    22.36    42.52    23.43    73.98    46.1    18.44    34.83    24.84    3.61    5.83    18.38    17.12    28.16    33.3    52.09    37.85    21.93
40.22    40.11    70.52    40.72    18.38    65.8    22.2    44.6    41.11    27.73    8.24    39.92    22.67    35.61    3.0    29.73    3.0    25.94    45.4    25.94    26.25    29.73    20.52    5.0    70.08    30.23    39.22    25.96    17.26    3.61    27.73    25.06    44.24    22.36    2.0    999999    20.02    30.12    62.36    48.76    22.02    35.13    22.67    5.83    32.76    48.1    40.79    20.62    23.85    50.0    19.21    33.0    27.8    23.19    22.56    22.0    53.41    44.82    21.19    49.34    25.75    51.86    21.4    16.78    43.74    73.38    65.79    18.79    23.09    26.25    66.73    47.1    5.39    33.14    25.08    24.04    67.19    17.0    2.0    46.4    24.17    50.7    19.72    26.91    65.25    48.05    25.61    38.47    33.38    20.81    21.54    41.04    22.2    72.03    45.31    17.2    33.3    23.35    5.39    4.24    17.72    15.13    28.44    31.83    50.09    35.9    20.62
53.6    45.28    66.03    23.35    22.2    59.41    2.83    60.42    46.14    25.3    11.94    22.02    39.56    27.07    20.1    49.24    23.02    25.3    51.11    23.41    21.21    19.1    36.77    20.4    65.27    24.19    20.81    29.07    3.61    23.19    27.2    22.47    50.71    9.0    20.22    20.02    999999    46.11    59.08    29.55    37.58    41.05    16.28    23.77    27.17    62.97    48.01    4.0    38.08    63.41    17.89    53.01    21.21    43.19    4.47    2.24    67.01    58.82    24.7    30.41    15.71    65.8    36.67    19.9    50.48    69.03    61.03    7.62    6.32    19.24    62.03    51.43    18.44    53.15    44.38    43.74    64.07    3.16    18.03    60.0    9.22    32.45    38.08    42.49    62.07    28.46    40.71    45.22    53.34    19.7    7.0    56.08    39.85    69.07    27.2    35.17    24.08    39.4    18.97    23.09    5.0    22.8    48.37    22.09    54.13    44.05    37.95
11.99    26.45    63.24    58.64    47.58    62.17    47.12    14.54    27.17    33.73    36.9    58.82    7.58    44.04    28.1    31.77    28.06    55.38    28.49    33.55    56.32    43.51    9.67    26.86    63.36    38.7    59.06    54.2    42.54    29.59    56.99    33.51    26.5    42.96    31.56    30.12    46.11    999999    54.73    68.98    8.55    23.14    52.78    31.99    39.11    18.04    23.23    44.51    8.57    20.72    49.25    24.03    38.51    24.15    46.38    48.35    23.85    15.34    50.01    68.77    41.33    22.12    9.44    46.4    25.73    65.45    59.71    40.67    45.73    38.52    60.4    31.83    28.49    26.7    31.14    28.14    58.39    43.9    31.58    17.18    44.89    68.53    11.98    3.67    56.9    69.39    5.61    22.93    28.52    50.73    43.52    11.02    8.82    62.24    63.63    13.4    43.67    6.86    35.12    25.88    41.73    24.28    26.9    43.54    34.31    19.38    9.79
48.26    28.28    8.6    47.42    77.65    10.0    57.22    58.31    27.59    35.36    61.43    49.24    56.4    32.39    59.48    83.22    63.25    83.15    27.46    37.34    80.0    40.31    54.64    57.57    8.63    35.0    51.08    85.59    57.0    65.15    85.15    38.33    29.48    50.09    64.29    62.36    59.08    54.73    999999    55.76    53.01    32.02    75.0    68.01    32.0    55.9    32.02    55.08    50.0    51.08    75.17    78.1    38.0    74.63    55.23    60.21    53.14    51.48    80.62    54.08    43.38    53.85    52.43    75.35    30.23    11.18    5.39    52.0    53.24    40.0    5.83    23.85    57.01    80.43    80.62    78.03    5.0    60.0    61.85    50.54    50.25    50.8    60.46    53.15    3.0    58.31    51.86    31.83    82.01    77.16    52.09    54.08    58.6    10.0    49.74    58.83    35.36    54.2    66.71    60.41    55.0    47.43    79.06    37.34    22.36    35.36    57.43
72.8    56.82    59.51    10.77    50.0    51.08    26.93    81.79    57.31    37.0    41.18    10.2    64.03    29.15    48.05    78.45    51.66    50.21    61.91    36.4    44.6    25.96    61.03    47.68    58.36    32.31    10.0    55.17    31.62    52.2    51.66    36.14    62.5    27.17    49.34    48.76    29.55    68.98    55.76    999999    61.13    54.63    41.04    53.14    33.54    82.97    61.27    28.16    60.41    81.6    44.82    81.05    31.32    71.81    26.25    28.18    85.09    78.16    51.86    2.0    27.65    84.43    60.13    47.98    62.65    62.24    55.01    30.41    25.71    30.81    55.9    60.46    45.71    81.58    73.68    72.8    60.03    32.7    46.84    78.75    25.18    6.0    64.07    65.38    58.31    3.0    63.39    58.6    82.0    46.1    27.46    76.9    65.0    64.41    6.4    61.07    27.73    63.13    48.47    50.99    31.05    45.04    77.13    26.93    62.2    59.24    63.0
18.36    25.5    61.61    51.0    39.96    59.41    38.63    23.02    26.4    27.2    28.45    51.04    3.61    37.64    19.8    30.41    20.25    47.71    29.12    26.68    48.27    36.12    2.0    18.44    61.56    32.02    51.16    46.96    34.01    21.95    49.4    26.48    27.38    34.71    23.6    22.02    37.58    8.55    53.01    61.13    999999    21.1    44.55    24.6    32.89    26.17    23.77    36.06    3.16    28.02    41.23    25.5    31.4    21.93    37.95    39.81    31.4    22.8    42.54    61.03    33.6    29.83    1.0    38.61    26.68    64.07    57.63    32.28    37.36    31.14    58.41    31.95    20.0    27.59    28.46    25.63    57.14    35.36    23.35    24.41    36.67    61.03    7.62    5.0    55.47    61.4    3.61    22.47    29.07    42.8    35.17    19.1    5.66    61.4    56.0    7.0    36.88    2.0    27.2    17.8    33.24    16.12    26.08    36.5    34.79    18.97    4.47
20.1    5.0    40.61    43.86    52.95    39.05    40.61    30.41    6.0    18.03    37.51    44.72    24.41    25.96    32.14    51.48    35.0    59.91    10.44    19.21    58.52    29.15    22.83    30.15    40.61    22.36    45.65    60.83    37.74    37.0    61.85    19.85    9.71    33.97    37.12    35.13    41.05    23.14    32.02    54.63    21.1    999999    53.85    40.0    21.19    30.0    7.07    37.8    18.03    27.46    52.2    46.1    23.85    42.94    39.05    43.01    30.81    25.0    55.9    53.85    29.08    30.41    20.59    50.98    9.43    43.01    36.8    33.6    37.54    25.0    37.54    12.0    30.41    48.41    49.24    46.52    36.06    40.31    35.36    25.08    35.36    52.5    28.65    21.21    34.41    55.9    19.85    4.24    50.0    54.12    35.47    25.5    26.63    40.31    48.47    27.31    26.93    22.2    40.31    32.0    36.06    20.62    47.17    27.73    15.0    5.0    25.55
